00000000000000000000000100100011
00000000000000000000001101000111
00000000000000000000000000100000
00000000000000000000000000011010
00000000000000000000000000000100
00000000000000000000000000000100
00000000000000000000000000000100
00000000000000000000000100100011
00000000000000000000000000011010
11111111111111111111110110111011
00100011000000010000000000000000
10000000000000000000000000000000
01000110000000000000000000000010
00000000000000000000000000100011
00000000000000000000001101000111
11111111111111111111110110011011
00000000000000000000000100100011
11111111111111110000000000000000
