00000000000000000000000000000000
00000000100000000000000010010011
00000001011000000000000100010011
00000000100000000000000110010011
00000000001000001001010001100011
11111111100111111111000001101111
00000000101000000000000010010011
00000000101100000000000010010011
00000000001000001101010001100011
11111110100111111111000001101111
00000000101000000000000010010011
00000000110000000000000010010011
00000000001000001111010001100011
11111101100111111111000001101111
00000000101000000000000010010011
00000000101100000000000010010011
00000000001000001110010001100011
11111100100111111111000001101111
00000000101000000000000010010011
00000000101100000000000010010011
11111011110111111111000001101111
00000000101000000000000010010011
00000000101100000000000010010011
00000100010000011000000001100111
00000000101000000000000010010011
00000000101100000000000010010011
00000000110000000000000010010011
00000000000100000010000000100011
00000000001000000010100000100011
00000010001100000010000000100011
00000010010000000010100000100011
00000100010100000010000000100011
00000100011000000010100000100011
00000110011100000010000000100011
00000110100000000010100000100011
00001000100100000010000000100011
00001000101000000010100000100011
00001010101100000010000000100011
00001010110000000010100000100011
00001100110100000010000000100011
00001100111000000010100000100011
00001110111100000010000000100011
00001111000000000010100000100011
00010001000100000010000000100011
00010001001000000010100000100011
00010011001100000010000000100011
00010011010000000010100000100011
00010101010100000010000000100011
00010101011000000010100000100011
00010111011100000010000000100011
00010111100000000010100000100011
00011001100100000010000000100011
00011001101000000010100000100011
00011011101100000010000000100011
00011011110000000010100000100011
00011101110100000010000000100011
00011101111000000010100000100011
00011111111100000010000000100011
00000000000000000000000001110011
