00000000000000000000000000000000
00000000100000000000000010010011
00010101111000000000000100010011
00000000001000000000001000100011
00000000010000000000000110000011
00000000000100000001010000100011
00000000100000000001001000000011
00000000000100000010000000100011
00000000001000000010100000100011
00000010001100000010000000100011
00000010010000000010100000100011
00000100010100000010000000100011
00000100011000000010100000100011
00000110011100000010000000100011
00000110100000000010100000100011
00001000100100000010000000100011
00001000101000000010100000100011
00001010101100000010000000100011
00001010110000000010100000100011
00001100110100000010000000100011
00001100111000000010100000100011
00001110111100000010000000100011
00001111000000000010100000100011
00010001000100000010000000100011
00010001001000000010100000100011
00010011001100000010000000100011
00010011010000000010100000100011
00010101010100000010000000100011
00010101011000000010100000100011
00010111011100000010000000100011
00010111100000000010100000100011
00011001100100000010000000100011
00011001101000000010100000100011
00011011101100000010000000100011
00011011110000000010100000100011
00011101110100000010000000100011
00011101111000000010100000100011
00011111111100000010000000100011
00000000000000000000000001110011
