00000000000000000000000000000000
00000000011100000000000010010011
00000001011000000000000100010011
00000000001100001001000110110011
00000000001000001010001000110011
00000000001000010011001010110011
00000000001000001100001100110011
00000000010100010100001110010011
00000000000100010101010000110011
00000000001000001110010010110011
00000000001000001111010100110011
01000000000100010000010110110011
01000000001000001101011000110011
00000000111100001001011010010011
00000000001000001010011100010011
00000000010000001011011110010011
00000000101100001101100000010011
00000000110000001110100010010011
00000000110100001111100100010011
00000000000100000000100110010111
00000000000100000010000000100011
00000000001000000010100000100011
00000010001100000010000000100011
00000010010000000010100000100011
00000100010100000010000000100011
00000100011000000010100000100011
00000110011100000010000000100011
00000110100000000010100000100011
00001000100100000010000000100011
00001000101000000010100000100011
00001010101100000010000000100011
00001010110000000010100000100011
00001100110100000010000000100011
00001100111000000010100000100011
00001110111100000010000000100011
00001111000000000010100000100011
00010001000100000010000000100011
00010001001000000010100000100011
00010011001100000010000000100011
00010011010000000010100000100011
00010101010100000010000000100011
00010101011000000010100000100011
00010111011100000010000000100011
00010111100000000010100000100011
00011001100100000010000000100011
00011001101000000010100000100011
00011011101100000010000000100011
00011011110000000010100000100011
00011101110100000010000000100011
00011101111000000010100000100011
00011111111100000010000000100011
00000000000000000000000001110011
