00010010001100000000000010010011
00110100011100000000000100010011
01000000001000001111000110110011
01100000000000011001001000010011
01100000001000001001001010010011
01100000000100010001001100010011
00001010010100110110001110110011
00001010010100110111001110110011
00001010000100010100010000110011
00001010001100100101010010110011
01000000001000001110010100110011
01101001100000001101010110010011
01100000010000011001011000110011
01100000001000001101011000110011
01100000010101100101011010010011
01100000010000001001011100010011
01100000010100010001011110010011
01000000001000001100100000110011
00001000000000001100100010110011
00000000000000000000010100010011
00000000000000001000000001100111
