00000010100000010010011000100011
00000011000000010000010000010011
11111110000001000010011000100011
11111110000001000010010000100011
00000000000000000000011110110111
00000000000001111000011100010011
11111110110001000010011110000011
00000000001001111001011110010011
00000000111101110000011110110011
00000000000000000000011110110111
00000000000001111000011010010011
11111110100001000010011110000011
00000000001001111001011110010011
00000000111101101000011110110011
00000000000000000000011110110111
00000000000001111000011100010011
11111110110001000010011110000011
00000000001001111001011110010011
00000000111101110000011110110011
11111100111101000010110000100011
00000000000000000000011110110111
00000000000001111000011100010011
11111110100001000010011110000011
00000000001001111001011110010011
00000000111101110000011110110011
00000000000000000000011110110111
00000000000001111000011010010011
11111110110001000010011110000011
00000000001001111001011110010011
00000000111101101000011110110011
00000000000000000000011110110111
00000000000001111000011100010011
11111110100001000010011110000011
00000000001001111001011110010011
00000000111101110000011110110011
11111101100001000010011100000011
11111110100001000010011110000011
00000000000101111000011110010011
11111110111101000010010000100011
11111110100001000010011100000011
00000000100100000000011110010011
11111110110001000010011110000011
00000000000101111000011110010011
11111110111101000010011000100011
11111110110001000010011100000011
00000000100100000000011110010011
00000000010100000000011110010011
11111110111101000010001000100011
00000000101000000000011110010011
11111110111101000010000000100011
11111110010001000010011100000011
11111110000001000010011110000011
00000000111101110000011110110011
11111100111101000010111000100011
00000000000000000000011110010011
00000000000001111000010100010011
00000010110000010010010000000011
00000011000000010000000100010011
00000000000000001000000001100111
